V1,V2,V3,V4,V5,V6,V7,V8,V9,V10,V11,V12,V13,V14,V15,V16,V17,V18,V19,V20,V21,V22,V23,V24,V25,V26,V27,V28,V29,V30,V31,V32,V33,V34,V35,V36,V37,V38,V39,V40,V41,V42,V43,V44,V45,V46,V47,V48,V49,V50,V51,V52,V53,V54,V55,V56,V57,V58,V59,V60,V61,V62,V63,V64,V65,V66,V67,V68,V69,V70,V71,V72,V73,V74,V75,V76,V77,V78,V79,V80,V81,V82,V83,V84,V85,V86,V87,V88,V89,V90,V91,V92,V93,V94,V95,V96,V97,V98,V99,V100,V101,V102,V103,V104,V105,V106,V107,V108,V109,V110,V111,V112,V113
0,1.319061731338657,27.96360673765183,28.626359731318747,1080.3916589926077,2143.5289260499803,2143.5289260499803,2715.4134029687107,3357.361174890433,603.0812372513484,632.6064118676603,634.4856598199963,589.3743862638576,578.8728814758301,549.989730890326,543.6967849618227,3279.6961482883285,2122.7083380479567,1870.028185084461,1876.8742107857388,1871.1674672254653,1863.5355193348537,1854.4258444338443,1854.4258444338443,2728.836096376502,1761.0584674938548,1761.0584674938548,1763.0320745368565,1775.4377024263704,1833.8721666061033,1834.9193730737568,1836.7323914369026,1711.2937857093932,3371.62926805146,3400.1793277552606,1402.4588977888786,1997.072710236109,3261.5746407396537,4016.1723942617555,3817.036702897618,3809.0483373692055,3221.2591578273014,5775.842379380902,3396.977836457932,2163.128750826417,3566.755172624636,2516.519372653596,2209.23842885556,2218.0038503362066,5759.057376551038,3311.842374567152,2077.715850840769,2081.6819220287816,2101.379386181989,2101.379386181989,2236.234067515381,2232.250707073294,3255.0181750493034,1652.70383979857,1686.9206586359355,1856.7901064834473,3008.143380748209,3011.3916860956674,1176.1005769705248,1043.8194150954128,1037.1605203157771,1115.4030723245667,1123.5680302579792,3461.7527253855715,3457.9694528186174,1761.0584674938548,1329.9368555283163,2463.015880010535,2419.5441532209434,2411.6980732844318,2372.8875195214705,2377.4703446004146,1599.2644927832694,1366.93748963228,1366.93748963228,1298.3226979835863,1291.6828862565578,3156.6832605964423,3836.4747670054767,1896.1424333332525,1896.1424333332525,1902.8441133977922,1743.733171177294,3286.3280085924084,3384.135740768872,1949.7700593741931,1950.6289635698324,2531.8025943785633,2056.8479575527244,1806.433791453813,3246.7228056083804,2348.6705505039267,2092.7393527769973,3068.928231868685,3152.9078735675507,3159.076621437905,3096.9142179565943,2291.0244821981496,2042.8582080435622,3268.9275000223242,3255.0181750493034,1399.9118115092213,1064.2240832494888,1640.3577205191361,1604.2833423329862,1643.488691778385,1651.9412016853978,1114.9146501351897
1.319061731338657,0,27.811993821212276,28.41293665147321,1078.4030698925392,2140.6865242751196,2140.6865242751196,2713.3366782441117,3361.4169763419995,601.1166706650058,630.7508008416124,632.6064118676609,587.1292819839884,576.6529344555648,548.1171835617138,541.8049997326918,3283.6009047671446,2119.9368733800443,1869.1755357165712,1876.0238663134057,1870.3991585385963,1862.7769242874579,1853.7007813760374,1853.7007813760374,2731.356702290372,1763.0320745368565,1763.0320745368565,1765.0157583237292,1777.4461438981348,1835.7203602254654,1836.7323914369033,1838.5555913609874,1713.4625091974005,3375.658009341031,3404.210148049939,1406.0321108311584,1994.1408914230797,3264.826193959294,4019.5812615731224,3820.4688991856938,3812.4660860439676,3224.8734503333258,5779.52555955579,3401.020482264967,2160.1349982426236,3570.135219045956,2517.867834087799,2212.2419821872354,2221.0082026168666,5762.736246873168,3315.0350975743704,2081.6599401198623,2085.631134691938,2105.3270891415177,2105.3270891415177,2240.218362776555,2236.23406751538,3258.803587379113,1656.5226744343254,1690.6861753237795,1857.9817881883318,3011.3916860956674,3014.643956444478,1177.2347993007206,1045.2000550471216,1038.548398632573,1117.010402813915,1125.183329789695,3465.5378527328317,3461.75272538557,1763.0320745368565,1333.3190880144844,2465.505597254697,2423.5552668183122,2415.709991859522,2376.905534015425,2381.492922053115,1599.9395259990422,1365.448619277593,1365.448619277593,1296.865735165871,1290.2200327772407,3160.276525865406,3839.9165193391273,1894.7473647173513,1894.7473647173513,1901.4526320804623,1745.732727966261,3290.2247762178895,3388.064104329555,1948.9781784501881,1949.9305354579128,2532.536309166674,2060.714912937334,1808.8311846376098,3250.014671118833,2346.374590833475,2096.6071059747974,3071.3077653309115,3155.6304085582674,3161.7960329805687,3099.618247730388,2294.142263447488,2046.7640761923903,3272.7103732149885,3258.803587379113,1403.469064131872,1062.3003629376299,1642.3251776820914,1606.2581441792656,1645.58851227954,1654.0453229672046,1116.3646621478044
27.96360673765183,27.811993821212276,0,0.8464791007993824,1068.4690147685294,2166.969125163334,2166.969125163334,2739.5709895790283,3344.6283887410077,591.2081267708462,620.073276121207,622.0882509332914,579.2647768565267,568.6082091870809,537.6158678919774,531.4406803063301,3262.2989344994626,2146.282492853222,1852.3219848255349,1859.1580832840323,1853.115027990857,1845.4441869206835,1836.2003879500382,1836.2003879500382,2704.9117722264173,1736.907440846562,1736.907440846562,1738.8794662808723,1751.2820430129345,1809.7567912496297,1810.8192054292003,1812.627589912,1687.1480569971743,3357.062325963208,3385.69725745428,1381.8630824367551,2020.3196427617388,3239.3188232073812,3994.6057653351854,3795.5887495168404,3787.526829386238,3200.9152430478002,5756.008317715479,3383.070471757492,2186.223416286272,3545.050387898572,2492.8141063540816,2186.183302437312,2194.9508204223307,5739.18854541245,3289.367773176024,2061.0022002225655,2065.0638284268925,2084.7321316915186,2084.7321316915186,2220.3533004243495,2216.3478417721426,3236.134062114619,1634.2164520799963,1667.8655861189739,1833.2988921908095,2985.8758904574056,2989.1395705274126,1152.7053886762985,1020.086389096413,1013.4189872625143,1091.438940395696,1099.5972722796262,3442.8635895448106,3439.0612215002534,1736.907440846562,1308.2646979751905,2439.0600819419324,2404.381720931444,2396.560913487784,2357.949748240822,2362.6921827495567,1576.722697599349,1352.2091055628716,1352.2091055628716,1283.441046031492,1276.8318997714828,3136.193646911236,3815.076366106891,1880.898135893891,1880.898135893891,1887.5817101500697,1719.5784764944294,3268.81079871096,3367.1164253060165,1931.8097683513672,1932.293401024304,2509.1224009754137,2038.9379790237147,1782.398279201133,3224.6286456110206,2372.768324453269,2074.8389159022404,3044.8800156997127,3129.2542881767913,3135.417928686075,3073.2308602693056,2268.301701505351,2025.503879442764,3250.017043958329,3236.134062114619,1379.2118404789576,1051.9218612556765,1616.2078114607925,1580.1321863854487,1619.3322599223118,1627.7851493058424,1091.1013489415664
28.626359731318747,28.41293665147321,0.8464791007993824,0,1068.4690147685294,2166.969125163334,2166.969125163334,2739.5709895790283,3344.6283887410077,591.2081267708462,620.073276121207,622.0882509332914,579.2647768565267,568.6082091870809,537.6158678919774,531.4406803063301,3262.2989344994626,2146.282492853222,1852.3219848255349,1859.1580832840323,1853.115027990857,1845.4441869206835,1836.2003879500382,1836.2003879500382,2704.9117722264173,1736.907440846562,1736.907440846562,1738.8794662808723,1751.2820430129345,1809.7567912496297,1810.8192054292003,1812.627589912,1687.1480569971743,3357.062325963208,3385.69725745428,1381.8630824367551,2020.3196427617388,3239.3188232073812,3994.6057653351854,3795.5887495168404,3787.526829386238,3200.9152430478002,5756.008317715479,3383.070471757492,2186.223416286272,3545.050387898572,2492.8141063540816,2186.183302437312,2194.9508204223307,5739.18854541245,3289.367773176024,2061.0022002225655,2065.0638284268925,2084.7321316915186,2084.7321316915186,2220.3533004243495,2216.3478417721426,3236.134062114619,1634.2164520799963,1667.8655861189739,1833.2988921908095,2985.8758904574056,2989.1395705274126,1152.7053886762985,1020.086389096413,1013.4189872625143,1091.438940395696,1099.5972722796262,3442.8635895448106,3439.0612215002534,1736.907440846562,1308.2646979751905,2439.0600819419324,2404.381720931444,2396.560913487784,2357.949748240822,2362.6921827495567,1576.722697599349,1352.2091055628716,1352.2091055628716,1283.441046031492,1276.8318997714828,3136.193646911236,3815.076366106891,1880.898135893891,1880.898135893891,1887.5817101500697,1719.5784764944294,3268.81079871096,3367.1164253060165,1931.8097683513672,1932.293401024304,2509.1224009754137,2038.9379790237147,1782.398279201133,3224.6286456110206,2372.768324453269,2074.8389159022404,3044.8800156997127,3129.2542881767913,3135.417928686075,3073.2308602693056,2268.301701505351,2025.503879442764,3250.017043958329,3236.134062114619,1379.2118404789576,1051.9218612556765,1616.2078114607925,1580.1321863854487,1619.3322599223118,1627.7851493058424,1091.1013489415664
1080.3916589926077,1078.4030698925392,1068.4690147685294,1068.4690147685294,0,2645.9937784978993,2645.9937784978993,3375.894982019503,3968.354516736326,477.33069652294665,448.76749131617106,446.56855426690953,494.66777651362963,504.38020909991735,530.9330285260107,537.0487298948037,3674.165535210673,2647.19766483964,895.7619352903636,902.5437033895208,911.1455945888098,905.7692726835711,903.2944934108311,903.2944934108311,2515.201636797,1502.786471308601,1502.786471308601,1507.390482678775,1524.7076212752813,1523.183494502409,1513.579218353317,1518.058192182648,1523.4513364666773,3904.412836720902,3935.7487707342266,1781.8610343749688,2486.2535054570517,3287.3240069898493,4077.088910310374,3897.663493446127,3883.015994791417,3425.5969518149436,5932.922056572913,3957.955827072731,2617.7533204129995,3634.1142212614636,1971.0410890447622,2223.257414367016,2231.253205732892,5913.852585310369,3309.3061945006484,2583.181795827547,2591.3710274491223,2607.992806957162,2607.992806957162,2767.973032559688,2763.2749332983453,3561.020782348252,2115.072390802647,2113.1452893737146,1354.2770739407742,3048.5811482966396,3053.3284760058195,874.7020391876706,882.073586896715,881.3937273775342,971.0146760045792,976.976365298807,3757.565656979639,3752.702460020904,1502.786471308601,1646.8216167871494,2264.2698538266386,2971.0353059626195,2964.786712093555,2937.061107083119,2948.1789278438496,1013.7947770025711,330.690469824693,330.690469824693,276.85260271992803,270.2399984250839,3353.2130051416125,3920.9261411303146,847.4235710467389,847.4235710467389,854.3453336190643,1497.0099810019708,3673.720383739854,3794.9375235554808,980.557746302859,997.1883972935985,1830.3693965320645,2503.6273939938837,1671.16612634843,3291.123892293452,2978.140133889632,2536.627275227033,2782.4317593184524,2977.757253827872,2982.4088840080717,2918.871612189715,2340.016809552433,2519.8927940537537,3572.521545136025,3561.020782348252,1772.8184643027912,28.484821375365662,1407.673443166073,1382.8119116160005,1450.0891619069814,1457.8327640758544,929.4888117252715
2143.5289260499803,2140.6865242751196,2166.969125163334,2166.969125163334,2645.9937784978993,0,1.2245258007125426,801.5403343563952,5100.104974003077,2382.0145916627657,2413.3376121807173,2410.8105313473093,2333.034692193471,2332.3771815480713,2368.171222789479,2362.4878665053875,5239.787256184282,54.76568693449956,3521.1817391006953,3527.5753686653306,3542.5103355359006,3538.275998031893,3538.363968667616,3538.363968667616,4865.139782877892,3868.3395184002134,3868.3395184002134,3871.049582488363,3885.1575025196603,3930.065471053191,3928.038145079663,3930.7172130533017,3832.409433637238,5202.585089010833,5225.926334595031,3507.020738416712,159.7652561356266,5389.1565949297,6123.154066844551,5921.2704619513115,5915.537529084173,5294.255163745195,7806.284174596007,5195.348352497116,115.07786337431814,5679.544715121747,4544.107382041994,4350.988367589632,4359.731177539273,7791.192137338522,5443.9437873353645,4052.8304657735484,4053.3350573854227,4073.135196205421,4073.135196205421,4174.177833256501,4171.206885520676,5275.107489429575,3699.874304151101,3748.2694109999716,3882.6908649119164,5136.590124226199,5139.502844314187,3225.266108228852,3121.1879583469977,3115.394224717419,3207.602978986902,3216.1075426053767,5478.4824680065,5475.5104022572195,3868.3395184002134,3455.3153809734663,4598.37473739461,4320.690344637458,4312.2583693104625,4267.676908430102,4265.693463860663,3568.721034252202,2962.4450511392643,2962.4450511392643,2919.395039628875,2913.1628381434957,5235.1335365700525,5939.1000192226975,3399.0779292654975,3399.0779292654975,3405.5442287400642,3853.14994389317,5251.240120549907,5325.447277645692,3604.34634164757,3627.754778397825,4461.974401772341,4072.50645715214,3939.240676981852,5370.6400714116535,434.8792817542389,4106.840493829877,5197.327088362101,5295.262095175111,5301.370547005491,5238.909456473681,4428.8971742708,4040.9773393840537,5289.7770829977735,5275.107489429575,3506.6266440079476,2651.1724676979197,3748.655829895235,3713.568679491977,3760.851070111337,3769.5018999922268,3194.9576842758374
2143.5289260499803,2140.6865242751196,2166.969125163334,2166.969125163334,2645.9937784978993,1.2245258007125426,0,801.5403343563952,5100.104974003077,2382.0145916627657,2413.3376121807173,2410.8105313473093,2333.034692193471,2332.3771815480713,2368.171222789479,2362.4878665053875,5239.787256184282,54.76568693449956,3521.1817391006953,3527.5753686653306,3542.5103355359006,3538.275998031893,3538.363968667616,3538.363968667616,4865.139782877892,3868.3395184002134,3868.3395184002134,3871.049582488363,3885.1575025196603,3930.065471053191,3928.038145079663,3930.7172130533017,3832.409433637238,5202.585089010833,5225.926334595031,3507.020738416712,159.7652561356266,5389.1565949297,6123.154066844551,5921.2704619513115,5915.537529084173,5294.255163745195,7806.284174596007,5195.348352497116,115.07786337431814,5679.544715121747,4544.107382041994,4350.988367589632,4359.731177539273,7791.192137338522,5443.9437873353645,4052.8304657735484,4053.3350573854227,4073.135196205421,4073.135196205421,4174.177833256501,4171.206885520676,5275.107489429575,3699.874304151101,3748.2694109999716,3882.6908649119164,5136.590124226199,5139.502844314187,3225.266108228852,3121.1879583469977,3115.394224717419,3207.602978986902,3216.1075426053767,5478.4824680065,5475.5104022572195,3868.3395184002134,3455.3153809734663,4598.37473739461,4320.690344637458,4312.2583693104625,4267.676908430102,4265.693463860663,3568.721034252202,2962.4450511392643,2962.4450511392643,2919.395039628875,2913.1628381434957,5235.1335365700525,5939.1000192226975,3399.0779292654975,3399.0779292654975,3405.5442287400642,3853.14994389317,5251.240120549907,5325.447277645692,3604.34634164757,3627.754778397825,4461.974401772341,4072.50645715214,3939.240676981852,5370.6400714116535,434.8792817542389,4106.840493829877,5197.327088362101,5295.262095175111,5301.370547005491,5238.909456473681,4428.8971742708,4040.9773393840537,5289.7770829977735,5275.107489429575,3506.6266440079476,2651.1724676979197,3748.655829895235,3713.568679491977,3760.851070111337,3769.5018999922268,3194.9576842758374
2715.4134029687107,2713.3366782441117,2739.5709895790283,2739.5709895790283,3375.894982019503,801.5403343563952,801.5403343563952,0,5280.813562268941,3059.492959077498,3092.9322017135232,3091.041141254873,3012.8440493668554,3010.328060208179,3036.99572913442,3030.7183224550568,5544.302659140909,777.1139655230392,4265.450399927635,4272.040787141966,4284.003982786151,4279.136532660517,4277.719277039727,4277.719277039727,5431.651997662839,4475.940392671838,4475.940392671838,4478.007075895717,4490.603448479993,4546.8044116863975,4547.065225015407,4549.114460723939,4426.365290826107,5427.605252280623,5447.10905811352,3980.6742696618826,944.9770151234032,5855.189748765138,6545.170536950639,6342.273632921127,6339.77247749588,5689.580757714373,8115.8541823455635,5402.267176060165,883.872529250993,6116.375030179677,5204.320189887152,4869.049606673905,4877.570591689574,8102.659434947727,5918.912216550541,4409.764997832875,4408.110266944192,4427.099290597316,4427.099290597316,4503.251367810135,4501.012008285763,5623.3676796298205,4119.475542984993,4176.352245800705,4538.892232003684,5607.760747231773,5609.973197437234,3863.90625113718,3744.9440473991053,3738.6303966594237,3823.7282508490816,3832.085227314645,5819.008409221671,5816.769525045967,4475.940392671838,3954.11052397074,5168.2422211716585,4621.804799827069,4613.422659585554,4567.64040460891,4562.080645912996,4242.766022110256,3700.760133780819,3700.760133780819,3652.4179422634634,3645.903052267573,5637.29010846788,6357.641762174895,4161.090775228324,4161.090775228324,4167.715710934111,4458.839192812092,5558.779990716875,5614.58043555143,4349.679469421544,4369.928494797129,5159.131180540648,4455.002307894213,4516.924177889852,5830.0385449067335,399.3437879085344,4486.926815611314,5778.312888993036,5837.824060187632,5844.280458658073,5783.9756563136725,4931.917674354404,4413.025687668746,5638.284658554981,5623.3676796298205,3982.427302970515,3378.173732555153,4355.202616195242,4319.204466835198,4358.888784948754,4367.333773984003,3818.0482606580126
3357.361174890433,3361.4169763419995,3344.6283887410077,3344.6283887410077,3968.354516736326,5100.104974003077,5100.104974003077,5280.813562268941,0,3672.1073944467603,3673.3103419946324,3677.792001294179,3702.1828109515427,3692.242819003686,3630.1917067016516,3629.194217891243,789.9877830945518,5056.983684570392,4095.007302380684,4097.992848905603,4063.2254933078,4055.280098106686,4037.4102190393237,4037.4102190393237,2561.500069353753,2853.7136138727474,2853.7136138727474,2848.712327150067,2836.118235241229,2916.1888434310135,2933.799697093396,2928.7931394369734,2760.929658287887,295.38667371573297,285.1852957142197,2189.734782732429,5002.546600674081,1923.3038056585954,1993.4030636641305,1861.400047365839,1879.093616689407,1397.7743142469074,2922.948907518242,191.48571945855932,5170.6969408482155,1837.2656972977034,3325.801049439602,2173.4043058436305,2171.0979431337537,2913.673009455993,2008.102934064905,1388.3538508429972,1379.5224024656914,1363.844547546618,1363.844547546618,1202.0023268493503,1206.7501071330428,1080.2149371208966,1854.2996220005457,1861.736179331377,3234.620362431394,1887.438569651901,1883.029866780163,3184.365410059085,3118.3877597651554,3117.0109958007215,3046.55871214491,3043.1685284031973,1111.3392437177731,1114.5029468140358,2853.7136138727474,2329.161908453015,2553.216306999762,998.3769860119411,1004.341540359757,1031.2963872872276,1020.4016933367519,3397.3507620903033,4016.6551809083835,4016.6551809083835,3967.192276267541,3964.9524457437383,1427.0019982331191,1856.0654628400039,4315.760789599665,4315.760789599665,4318.77094191897,2841.557467254488,812.5898030753204,726.4994909657871,4116.437702536417,4079.6800735810643,3687.4570125393907,1484.4418236892907,2632.2019363221802,1868.9946122024066,5070.870208719653,1455.168765712966,2761.5006477071347,2474.7303748412432,2479.466314586791,2477.43441166445,2064.350943321546,1457.1495443350661,1086.4831069712438,1080.2149371208966,2199.37140690288,3943.0759655454435,2861.8748991179546,2861.0506312038933,2800.553221753804,2797.7104296324555,3092.840279721369
603.0812372513484,601.1166706650058,591.2081267708462,591.2081267708462,477.33069652294665,2382.0145916627657,2382.0145916627657,3059.492959077498,3672.1073944467603,0,35.01820884522712,34.7237796522017,50.033657181664545,49.65253917401439,55.06628102279344,60.4789717015502,3464.581080094793,2374.3931170978885,1304.6545428188372,1311.5837355523106,1311.2496359672296,1304.3477426843972,1297.6193722664088,1297.6193722664088,2555.757795920231,1529.1813638491847,1529.1813638491847,1532.7122257734097,1548.521902875337,1577.501701915454,1572.8709453332863,1576.2126383515188,1515.573155954168,3639.6364760701217,3670.1085072228593,1532.594366312075,2224.0536042708445,3232.3303147402708,4016.1636059407006,3826.1193419859915,3814.2545863001387,3294.0171813702113,5843.342413196962,3682.061233196884,2372.5696146575806,3565.3505883450994,2162.0982778893713,2150.4450839827036,2159.0444532722354,5825.1710999436355,3267.298358243385,2310.949885784094,2317.63548913695,2335.838026431719,2335.838026431719,2488.975377181499,2484.4754198983983,3387.53119069127,1847.0489990003919,1859.457435644343,1501.5147835555351,2983.194513393763,2987.3548300362804,863.9915259713118,790.0040695248045,785.7008435922592,885.5170529591667,893.689419763512,3590.7926219265096,3586.335828179501,1529.1813638491847,1415.222979704509,2291.605764057256,2687.59147761438,2680.6081545416882,2648.0353733790043,2656.7314442771058,1188.1134205853946,773.0274388264411,773.0274388264411,706.0524117328123,699.2207353785831,3223.9906589109623,3847.946938337352,1303.7129399770683,1303.7129399770683,1310.5251553205312,1517.1986552382261,3467.1081550431754,3579.822375325259,1387.5549688668361,1394.6296543424146,2099.949577328413,2253.1129224164906,1645.7083257039353,3227.86921520253,2669.2304226511164,2288.071805784917,2862.669921607599,3009.1963306325592,3014.627427504522,2950.656578379958,2254.957178187164,2257.5883034606077,3400.2041685484837,3387.53119069127,1525.6963421407484,461.25524855176593,1415.0831059118907,1382.7593293847483,1440.3706445075168,1448.9807023352807,860.0460251536919
632.6064118676603,630.7508008416124,620.073276121207,620.073276121207,448.76749131617106,2413.3376121807173,2413.3376121807173,3092.9322017135232,3673.3103419946324,35.01820884522712,0,7.494781791416174,80.47269109382518,82.6717491455848,82.6717491455848,89.12215518265012,3457.9331572005103,2406.0709902723893,1270.071119968924,1276.9996286463365,1276.5163093452852,1269.5955181636846,1262.8141120053488,1262.8141120053488,2531.5225371706783,1504.1322866812352,1504.1322866812352,1507.727783762608,1523.655117880428,1551.1589352952255,1546.2767041845577,1549.680656421268,1492.3424256309013,3637.8691242072796,3668.435446230077,1527.0055259782112,2255.2133871693954,3214.2552258276937,3998.9211500750853,3809.478446703754,3797.42396526847,3281.216184924073,5828.659305097365,3681.3379032231464,2403.087074276917,3548.3819849032957,2130.831766682739,2132.4324228244336,2141.0050351619284,5810.421750707459,3248.4234725996203,2308.8538806133124,2315.6893114347986,2333.763244782436,2333.763244782436,2487.7119732651936,2483.18865075871,3377.9429344805335,1843.891257500982,1854.9825655569114,1471.0275811746,2965.6045490997217,2969.806445898436,837.9944191827836,768.1305314889288,764.0226459330885,864.0494029658155,872.1428324326388,3580.810792596992,3576.3201538506246,1504.1322866812352,1407.6954250613273,2267.8041642216876,2686.936009901467,2680.01715925978,2647.88402563472,2656.823158944605,1156.0488915059198,740.237989357978,740.237989357978,672.9659468735778,666.1555016619019,3210.9695011352464,3831.412346560549,1270.952444295897,1270.952444295897,1277.7520300123538,1492.4442873354474,3460.217009905391,3573.700935911162,1352.8996117272645,1359.8288000119499,2066.3292066401245,2248.940762503533,1623.8134995136836,3210.324232342989,2702.3404388452636,2283.766437388048,2836.644282023941,2985.82244198067,2991.2146234989077,2927.221617264305,2237.9028705602486,2254.500564342909,3390.5330653822743,3377.9429344805335,1519.891888400309,431.86305561446693,1390.7286487738174,1358.711111315274,1417.0325667449524,1425.6192002556545,837.3611070311931
634.4856598199963,632.6064118676609,622.0882509332914,622.0882509332914,446.56855426690953,2410.8105313473093,2410.8105313473093,3091.041141254873,3677.792001294179,34.7237796522017,7.494781791416174,0,78.28797625746434,81.05382821091727,84.50009311297065,90.81856478368543,3462.47170180614,2403.6318022110945,1269.9423289488384,1276.8714191260706,1276.5261748562118,1269.6252485597927,1262.9036976752998,1262.9036976752998,2535.1973755689787,1507.727783762608,1507.727783762608,1511.3305958934347,1527.270975882743,1554.595887234243,1549.680656421268,1553.0928210012432,1496.1294387185592,3642.3991420859543,3672.9644431401657,1531.5505281740539,2252.648798638863,3218.4277881951757,4003.1400478335936,3813.7301696070936,3801.6656956928846,3285.631970439258,5833.000909197967,3685.854633482965,2400.3787891251604,3552.616856948854,2133.4033894998265,2136.613473872878,2145.184434172271,5814.760550980669,3252.5458145721113,2313.3862548728075,2320.220153968806,2338.295435317414,2338.295435317414,2492.234999152794,2487.7119732651936,3382.442398218673,1848.4317473308306,1859.5281622886419,1473.7824681940237,2969.806445898436,2974.010710571511,841.4965310658018,772.0622788606942,767.9709640451749,868.0100001276987,876.0966184340347,3585.3021372523567,3580.810792596992,1507.727783762608,1412.228559804389,2271.5259466537423,2691.4507460791733,2684.530901153539,2652.390595453352,2661.3254987375467,1158.4290911435305,739.1833484390665,739.1833484390665,672.0226283191713,665.2035397230073,3215.378009746366,3835.669553040581,1269.8969186769623,1269.8969186769623,1276.701157250214,1496.0732477390054,3464.7536145193344,3578.2428577774363,1352.8337972544355,1359.9130583258209,2068.168340817219,2253.4859055883717,1627.720048022027,3214.5279377183565,2700.3275627577023,2288.31186358318,2840.110134534408,2989.5829509397195,2994.9712786284226,2930.97637217561,2242.1377868914233,2259.04100137652,3395.0309066882046,3382.442398218673,1524.4362578693201,429.8372160474944,1394.4031325347426,1362.418570501982,1420.8104620121703,1429.3946539972776,841.2179749017232
589.3743862638576,587.1292819839884,579.2647768565267,579.2647768565267,494.66777651362963,2333.034692193471,2333.034692193471,3012.8440493668554,3702.1828109515427,50.033657181664545,80.47269109382518,78.28797625746434,0,10.50444143716553,72.0988701301327,73.04995749476305,3502.818090556405,2325.6676697673624,1339.0721853078633,1346.0027295527152,1346.7143573417095,1339.9631201212053,1333.679032030266,1333.679032030266,2605.366985005972,1578.9934488207412,1578.9934488207412,1582.5119224574296,1598.2979732536069,1627.4927274546635,1622.8812593803884,1626.2186748774404,1564.9344916487084,3672.9838466497167,3703.3522010622237,1570.2504659739757,2174.968350370541,3279.3035757379284,4062.6188878012854,3872.210378956451,3860.4644106624633,3337.47560759814,5888.071027668472,3714.2809088589847,2323.141442980186,3611.655210525749,2211.0909484348676,2197.449247195953,2206.0628937744873,5869.946620384199,3314.71261643671,2344.8674284063486,2351.394528766729,2369.727094405742,2369.727094405742,2521.9704037049733,2517.4964242189503,3428.399857352659,1882.2008387153899,1895.9134355172994,1550.9178226113972,3029.8989851277156,3034.0346511998546,913.9651717969061,839.0167945516148,834.645197704577,934.3550322927441,942.5550021126907,3631.9779642247845,3627.5499560698413,1578.9934488207412,1454.7048524083502,2341.1044442762454,2719.8890731899223,2712.8371621730153,2679.790945637932,2688.217522309059,1236.5014271819764,800.3071993390563,800.3071993390563,734.4621202271732,727.5723012206413,3267.61949361471,3893.970255383691,1330.2988826104963,1330.2988826104963,1337.148832340596,1566.9527689366596,3505.5710820505515,3617.553065741686,1422.4195285637795,1430.615236860635,2146.326820590672,2289.156678806318,1694.6019375291994,3274.5353551093017,2622.05268766327,2324.238771482398,2912.618116250856,3058.554438634783,3063.997494623429,3000.034523725668,2301.393994186091,2292.5422985741307,3441.1421845095624,3428.399857352659,1563.5577602796757,480.5669961264651,1464.7530275105853,1432.3565076229565,1489.7690532832048,1498.3854966544627,909.3119433137567
578.8728814758301,576.6529344555648,568.6082091870809,568.6082091870809,504.38020909991735,2332.3771815480713,2332.3771815480713,3010.328060208179,3692.242819003686,49.65253917401439,82.6717491455848,81.05382821091727,10.50444143716553,0,62.75263600882136,63.095428406027885,3494.3458874583375,2324.7406085637517,1345.9804081231625,1352.9111095934009,1353.3611485477948,1346.570665850302,1340.1701057120044,1340.1701057120044,2602.291130947708,1576.3339637371064,1576.3339637371064,1579.8240889154051,1595.5577862036967,1625.4094861984966,1620.916245694297,1624.2240520624325,1561.5220664411195,3663.5405511017757,3693.8911944473084,1561.7013174684669,2174.432266108756,3273.912860180504,4056.934149279951,3866.3414880229657,3854.655159438112,3330.5088293756057,5881.57047329138,3704.6542820281,2323.0550556017897,3605.8970770763535,2211.7396986728004,2192.098148812025,2200.719807432647,5863.465631634337,3309.5868468694252,2335.544968438711,2342.044314136355,2360.398999540235,2360.398999540235,2512.486923187699,2508.017330990465,3420.605593010096,1873.1188103583959,1887.0890028748045,1551.0610845165104,3024.361003107651,3028.4831161908965,911.8343378850378,835.2619745625703,830.8215092531176,930.4125513639011,938.6379504794537,3624.2721422050254,3619.85260345491,1576.3339637371064,1446.600758317446,2337.860103506019,2710.2890298536154,2703.2264704177987,2670.1077110528577,2678.4934297881955,1237.737675556026,808.6424357211894,808.6424357211894,742.5747224385276,735.6940695939797,3260.715549235331,3888.067683457065,1338.8236660460864,1338.8236660460864,1345.6675477459896,1564.1677357741828,3497.1518902458874,3608.9635066328674,1429.2230243363595,1437.1320405951224,2148.9743977195085,2280.234363018867,1690.657463291556,3268.9727107631356,2619.8754273289014,2315.340277346541,2910.3243870887663,3055.104239027651,3060.562967143003,2996.6112142284164,2295.7281661352818,2283.408727998578,3433.36751293037,3420.605593010096,1555.0554194153622,490.0216626267533,1461.8111511325783,1429.2919888863412,1486.4090711659092,1495.0337069401398,905.8290548622273
549.989730890326,548.1171835617138,537.6158678919774,537.6158678919774,530.9330285260107,2368.171222789479,2368.171222789479,3036.99572913442,3630.1917067016516,55.06628102279344,82.6717491455848,84.50009311297065,72.0988701301327,62.75263600882136,0,2.959338097735863,3431.7793171874446,2359.308137639914,1347.787244501689,1354.7103556308514,1353.3611485477948,1346.3124603862868,1339.1330066293924,1339.1330066293924,2552.4496766839834,1528.2606462094259,1528.2606462094259,1531.644048687287,1547.1774743463097,1579.506816762887,1575.4781029255098,1578.6681423154284,1510.749405377061,3600.9182981355634,3631.2807201870446,1499.0974974794874,2210.823852869255,3216.83439104067,3999.0725248708027,3808.03442554185,3796.4928428539947,3269.879088796371,5821.812660356163,3642.1820432532454,2361.3829821681966,3547.8680287406164,2177.2945816539373,2135.2025783746863,2143.844827317453,5803.74858393642,3253.21983816837,2272.8560124643172,2279.3683170031136,2297.7125942853304,2297.7125942853304,2449.891656571341,2445.4189063809913,3358.69189408686,1810.3681391477835,1824.364145003771,1514.615098532206,2966.911566999914,2970.998608144286,866.3320132352138,783.8054741882323,779.1324968098388,878.2079762245111,886.5113765289603,3562.4702931152106,3558.0619866297898,1528.2606462094259,1384.364899427618,2287.4713161495174,2647.7909302515427,2640.738555821693,2607.6953955312533,2616.128611600468,1206.744759937249,822.0539692841552,822.0539692841552,754.4916864339317,747.7079619235928,3200.20315756692,3829.679201896116,1352.7183276964802,1352.7183276964802,1359.5050101309396,1515.6356656919295,3434.6209781297102,3546.328087687577,1430.2063891055477,1436.1525344066436,2124.469725927757,2217.4890368078204,1638.0497463616,3211.447960873759,2648.355599587461,2252.5985883879316,2863.291752646552,3003.9137064954834,3009.4250001487203,2945.517879080717,2238.001004558077,2220.664090483882,3371.478379601606,3358.69189408686,1492.4805952761653,514.3252311359342,1412.752405294477,1379.8055088978822,1435.8490029319446,1444.49862330281,855.2408934889272
543.6967849618227,541.8049997326918,531.4406803063301,531.4406803063301,537.0487298948037,2362.4878665053875,2362.4878665053875,3030.7183224550568,3629.194217891243,60.4789717015502,89.12215518265012,90.81856478368543,73.04995749476305,63.095428406027885,2.959338097735863,0,3432.3649143777443,2353.5328553416734,1354.7212260873268,1361.6444328651778,1360.3037388611708,1353.2557870768264,1346.0779086658497,1346.0779086658497,2556.7458211637704,1532.8322257483735,1532.8322257483735,1536.2013890502446,1551.7074223694633,1584.3460424454415,1580.3716876390977,1583.5479558378854,1514.9400054385098,3600.5138509101807,3630.8563333459197,1499.6414344012735,2205.1906090184275,3219.7861275046876,4001.819251489044,3810.661631991935,3799.160143853036,3271.730808966692,5823.981572813507,3641.567515868728,2355.9052763691743,3550.5735304575023,2183.1685503236413,2138.2152699352737,2146.862241271556,5805.9315964228335,3256.3380892784617,2272.589823116372,2279.071363404487,2297.4400507559344,2297.4400507559344,2449.4440010038848,2444.976271232674,3359.8795441124853,1810.3658409154411,1824.6276377973013,1520.3624907671513,2969.774223067268,2973.85233310326,871.2789773317054,787.9599994990211,783.2505125836137,882.2249329217661,890.5401345704566,3563.729849763952,3559.3286483581437,1532.8322257483735,1385.3309350723935,2291.692826803006,2647.20808003213,2640.14321131251,2607.013986355172,2615.3980042756766,1212.8821132636624,828.77057435348,828.77057435348,761.2435339143723,754.4566716330464,3202.10367563007,3832.28342387131,1359.4464110998374,1359.4464110998374,1366.234882161929,1520.1468717191274,3435.255814252851,3546.802329182806,1437.145405493129,1443.0974936873977,2130.9153454931215,2217.6475134301127,1641.9384972820208,3214.288758434123,2642.1815366037445,2252.7808921494066,2867.959117388982,3008.000187625062,3013.519583851453,2949.620294690698,2240.803688870858,2220.6027432942674,3372.6824062999913,3359.8795441124853,1493.0699513150366,520.5566663255515,1417.1974154458792,1384.1925863835108,1440.0758820686347,1448.7287716484816,859.5182394540526
3279.6961482883285,3283.6009047671446,3262.2989344994626,3262.2989344994626,3674.165535210673,5239.787256184282,5239.787256184282,5544.302659140909,789.9877830945518,3464.581080094793,3457.9331572005103,3462.47170180614,3502.818090556405,3494.3458874583375,3431.7793171874446,3432.3649143777443,0,5202.9449972950015,3629.7160223618635,3631.5594291265547,3594.4183388730767,3587.283822537398,3569.554829833374,3569.554829833374,1863.97628627598,2361.926804509959,2361.926804509959,2356.6256800834317,2341.472238969889,2405.3787690194586,2422.423026311005,2417.084265650565,2285.8729468032993,505.25285028351885,526.7328863112781,1932.7512032667541,5122.2271752512725,1141.4263862916207,1259.7567593237593,1103.2089265790362,1117.9933378936755,614.1052305250275,2575.2402167887067,617.0659444732536,5294.209285313435,1051.0729406473815,2686.4408504895428,1607.9005519307557,1603.1908997046614,2561.306426831396,1223.8842685558218,1205.8911609567679,1203.143011200988,1183.1959761051935,1183.1959761051935,1067.13962935489,1070.3340875979864,292.1797894122301,1634.716887148184,1611.565426247902,2719.0546175327736,1136.7371779541286,1131.7709440281214,2823.79034312122,2792.9246804960226,2793.2981161333337,2707.1429776379036,2701.8761141104374,350.8946111545327,352.3258671398739,2361.926804509959,2050.614943811308,1906.829863810609,924.2530926340394,932.685694654314,978.2169053602546,982.824365233792,2941.036361210728,3656.544568182952,3656.544568182952,3617.5915844975684,3616.692730516707,652.080688937104,1101.8885668055855,3870.731105582603,3870.731105582603,3872.6337784802336,2354.4575931549507,23.814454905216376,126.31048912398164,3636.573922366558,3595.897659686382,3064.6756578888876,1225.6142599340199,2140.5553381771256,1087.5618132647999,5282.890248794214,1189.737809317726,2018.6373288720251,1714.1184669567656,1718.299723144168,1723.3152992742848,1485.4525861561592,1236.8400355332888,297.3268622456716,292.1797894122301,1939.299580263331,3649.4059052619696,2399.496386065918,2407.7670171607483,2340.604114081864,2335.7576521987035,2750.839489552901
2122.7083380479567,2119.9368733800443,2146.282492853222,2146.282492853222,2647.19766483964,54.76568693449956,54.76568693449956,777.1139655230392,5056.983684570392,2374.3931170978885,2406.0709902723893,2403.6318022110945,2325.6676697673624,2324.7406085637517,2359.308137639914,2353.5328553416734,5202.9449972950015,0,3525.7863061490916,3532.2226620790084,3546.578485781738,3542.2185327370944,3542.0157813860155,3542.0157813860155,4847.241248650522,3853.8591662791678,3853.8591662791678,3856.5021535331775,3870.4597895307015,3916.6381304057895,3914.863596928901,3917.474679076201,3816.449869641259,5161.573005405327,5184.74378313967,3479.863039109311,168.6334221438041,5363.018400327188,6094.216258621919,5892.152527584369,5886.643086828261,5263.01012928911,7770.9971025972645,5153.473226976012,168.6334221438041,5651.41334457301,4536.248027395163,4328.320853894589,4337.051838257596,7756.0079082597,5418.528294438913,4018.1451105881474,4018.5171491897713,4038.2865235157587,4038.2865235157587,4137.932096887843,4135.001259102626,5240.849331287546,3668.938580901618,3717.9862888507787,3873.8827282991438,5110.685036245603,5113.545586430231,3213.690513446935,3107.738586221455,3101.8779431365215,3193.389453939006,3201.8874836781033,5443.883373629793,5440.953625053893,3853.8591662791678,3430.1225788647803,4580.6166472861505,4282.9814819505,4274.545060968849,4229.858622543532,4227.676359120367,3561.9944307576397,2965.5215020227456,2965.5215020227456,2921.4282019944767,2915.137970134615,5204.308116160041,5909.820222673808,3407.476978591073,3407.476978591073,3413.9839611485877,3838.450150948251,5214.575600942349,5287.806779374201,3609.207444196252,3632.0011911531456,4459.090274895608,4039.458814517053,3921.722329189754,5343.98658695615,399.0329557654492,4073.6696417741614,5181.041350762323,5275.410608210289,5281.554049624099,5219.250247368766,4405.02390980651,4007.2276501224314,5255.5434528960695,5240.849331287546,3479.6372986103556,2651.8488034250754,3733.953635916651,3698.735408640375,3745.2526527501586,3753.889900342793,3181.5198593909354
1870.028185084461,1869.1755357165712,1852.3219848255349,1852.3219848255349,895.7619352903636,3521.1817391006953,3521.1817391006953,4265.450399927635,4095.007302380684,1304.6545428188372,1270.071119968924,1269.9423289488384,1339.0721853078633,1345.9804081231625,1347.787244501689,1354.7212260873268,3629.7160223618635,3525.7863061490916,0,3.9729741056297025,39.128581771639936,43.99273347267414,60.86032635417329,60.86032635417329,2081.862231816078,1267.7932905778323,1267.7932905778323,1273.0927988252781,1288.2692097820745,1228.5063467487914,1212.0121726694372,1217.407157742347,1347.3517922846236,3964.5392078940436,3996.407886809307,1988.7742935702101,3361.978441657246,2968.212011089751,3730.3802267699198,3577.549674035911,3558.491998064007,3241.157446771057,5584.543068208125,4039.9549096183305,3485.102817328151,3321.1868377151677,1327.0019612427868,2032.4501747920826,2038.2536270147618,5564.276493065593,2965.340849305827,2738.7744982901218,2749.3501422728173,2761.312100661778,2761.312100661778,2922.6984516720345,2917.9412450183504,3450.3028344441414,2310.0759485636863,2280.4675582361574,927.4178586084088,2764.0184194098388,2769.5156891046668,999.7501019058037,1125.3580820243906,1130.3274921888924,1153.3407898518672,1152.6499934286132,3623.664931832696,3618.241408923454,1267.7932905778323,1846.1012899006796,1881.9286559591224,3120.774044869574,3116.5016692909053,3100.9468619688087,3116.499296909891,697.9743985863296,566.1818979265802,566.1818979265802,620.194280314498,627.0113062337747,3168.514594446683,3602.4127786129457,259.49463862340184,259.49463862340184,258.9551519427288,1275.5625804161607,3623.2701392167287,3755.9173339340578,84.800236612791693,108.7002836798751,1065.938143553816,2622.3186559921023,1489.6629176152026,2986.87389161947,3866.759150455919,2648.3117967309204,2257.607215697135,2524.064970304043,2527.0495125731436,2468.543714408006,2157.409901926781,2660.8525322188657,3458.88549359771,3450.3028344441414,1977.299992979419,897.2245140075627,1238.5821184689287,1236.1358442514988,1299.3644518089902,1303.0758766032575,1110.7302246372876
